0,1615950330964
131072,1615950331042
262144,1615950331305
393216,1615950331352
524288,1615950331619
655360,1615950331668
786432,1615950331995
917504,1615950332044
1048576,1615950332786
1179648,1615950332837
1310720,1615950333209
1441792,1615950333260
1572864,1615950333656
1703936,1615950333707
1835008,1615950334143
1966080,1615950334194
2097152,1615950335157
2228224,1615950335211
2359296,1615950335795
2490368,1615950335852
2621440,1615950336417
2752512,1615950336479
2883584,1615950337019
3014656,1615950337081
3145728,1615950338171
3276800,1615950338237
3407872,1615950338994
3538944,1615950339070
3670016,1615950339863
3801088,1615950339965
3932160,1615950340844
4063232,1615950341056
4194304,1615950343160
4325376,1615950343634
4456448,1615950345974
4587520,1615950346500
4718592,1615950348657
4849664,1615950349468
4980736,1615950351989
5111808,1615950352507
5242880,1615950355230
5373952,1615950355664
5505024,1615950357822
5636096,1615950358278
5767168,1615950360567
5898240,1615950361018
6029312,1615950363351
6160384,1615950363791
6291456,1615950366714
6422528,1615950367056
6553600,1615950370063
6684672,1615950370532
6815744,1615950373013
6946816,1615950373513
7077888,1615950376002
7208960,1615950376452
7340032,1615950379578
7471104,1615950379964
7602176,1615950382793
7733248,1615950383208
7864320,1615950386588
7995392,1615950387050
8126464,1615950389805
8257536,1615950390215
8388608,1615950393369
8519680,1615950393853
8650752,1615950396693
8781824,1615950397185
8912896,1615950399873
9043968,1615950400316
9175040,1615950404065
9306112,1615950404495
9437184,1615950407653
9568256,1615950408050
9699328,1615950411002
9830400,1615950411461
9961472,1615950414349
10092544,1615950414809
10223616,1615950417769
10354688,1615950418169
10485760,1615950421494
10616832,1615950421934
10747904,1615950425835
10878976,1615950426267
11010048,1615950429430
11141120,1615950429916
11272192,1615950433021
11403264,1615950433437
11534336,1615950437051
11665408,1615950437546
11796480,1615950440802
11927552,1615950441257
12058624,1615950444625
12189696,1615950445085
12320768,1615950449164
12451840,1615950449591
12582912,1615950453275
12713984,1615950453741
12845056,1615950457118
12976128,1615950457539
13107200,1615950460894
13238272,1615950461353
13369344,1615950464765
13500416,1615950465206
13631488,1615950469710
13762560,1615950470161
13893632,1615950473621
14024704,1615950474064
14155776,1615950477597
14286848,1615950477973
14417920,1615950481453
14548992,1615950481931
14680064,1615950485909
14811136,1615950486338
14942208,1615950489934
15073280,1615950490367
15204352,1615950494033
15335424,1615950494407
15466496,1615950498921
15597568,1615950499389
15728640,1615950503478
15859712,1615950503924
15990784,1615950507712
16121856,1615950508136
16252928,1615950511933
16384000,1615950512379
16515072,1615950516397
16646144,1615950516843
16777216,1615950521085
16908288,1615950521511
17039360,1615950525707
17170432,1615950526161
17301504,1615950530850
17432576,1615950531272
17563648,1615950535290
17694720,1615950535715
17825792,1615950540218
17956864,1615950540589
18087936,1615950544678
18219008,1615950545096
18350080,1615950549399
18481152,1615950549862
18612224,1615950554061
18743296,1615950554497
18874368,1615950559803
19005440,1615950560282
19136512,1615950564560
19267584,1615950564982
19398656,1615950569437
19529728,1615950569879
19660800,1615950574236
19791872,1615950574639
19922944,1615950579346
20054016,1615950579792
20185088,1615950585281
20316160,1615950585654
20447232,1615950590260
20578304,1615950590704
20709376,1615950595252
20840448,1615950595712
20971520,1615950601592
21102592,1615950602176
21233664,1615950607152
21364736,1615950608184
21495808,1615950612655
21626880,1615950613036
21757952,1615950617508
21889024,1615950617953
22020096,1615950628958
22151168,1615950629490
22282240,1615950633979
22413312,1615950634430
22544384,1615950638954
22675456,1615950639378
22806528,1615950643929
22937600,1615950644371
23068672,1615950655840
23199744,1615950656421
23330816,1615950661066
23461888,1615950661499
23592960,1615950666144
23724032,1615950666615
23855104,1615950671838
23986176,1615950672275
24117248,1615950682519
24248320,1615950683069
24379392,1615950687503
24510464,1615950687942
24641536,1615950693101
24772608,1615950693489
24903680,1615950698045
25034752,1615950698471
25165824,1615950709579
25296896,1615950710133
25427968,1615950714594
25559040,1615950715046
25690112,1615950720163
25821184,1615950720539
25952256,1615950724831
26083328,1615950725217
26214400,1615950736255
26345472,1615950736798
26476544,1615950742044
26607616,1615950742515
26738688,1615950746923
26869760,1615950747361
27000832,1615950751868
27131904,1615950752321
27262976,1615950764003
27394048,1615950764555
27525120,1615950768961
27656192,1615950769407
27787264,1615950773666
27918336,1615950774072
28049408,1615950778400
28180480,1615950778816
28311552,1615950790784
28442624,1615950791331
28573696,1615950795841
28704768,1615950796267
28835840,1615950800781
28966912,1615950801205
29097984,1615950805477
29229056,1615950805908
29360128,1615950818501
29491200,1615950819059
29622272,1615950823707
29753344,1615950824631
29884416,1615950829014
30015488,1615950829456
30146560,1615950833768
30277632,1615950834168
30408704,1615950845146
30539776,1615950845694
30670848,1615950850881
30801920,1615950851352
30932992,1615950855586
31064064,1615950856017
31195136,1615950860344
31326208,1615950860794
31457280,1615950873026
31588352,1615950873586
31719424,1615950877962
31850496,1615950878259
31981568,1615950882576
32112640,1615950882976
32243712,1615950887323
32374784,1615950887762
32505856,1615950899801
32636928,1615950900339
32768000,1615950904675
32899072,1615950905108
33030144,1615950909391
33161216,1615950910482
33292288,1615950914860
33423360,1615950915277
33554432,1615950926502
33685504,1615950927086
33816576,1615950931342
33947648,1615950931725
34078720,1615950936889
34209792,1615950937307
34340864,1615950941652
34471936,1615950942101
34603008,1615950954399
34734080,1615950954975
34865152,1615950959265
34996224,1615950959682
35127296,1615950963907
35258368,1615950964330
35389440,1615950968676
35520512,1615950969093
35651584,1615950981322
35782656,1615950981888
35913728,1615950986194
36044800,1615950986543
36175872,1615950991318
36306944,1615950991661
36438016,1615950996016
36569088,1615950996452
36700160,1615951009250
36831232,1615951009771
36962304,1615951014060
37093376,1615951014491
37224448,1615951018636
37355520,1615951019050
37486592,1615951023308
37617664,1615951023726
37748736,1615951036913
37879808,1615951037469
38010880,1615951041667
38141952,1615951042120
38273024,1615951047120
38404096,1615951047560
38535168,1615951051825
38666240,1615951052251
38797312,1615951064186
38928384,1615951064735
39059456,1615951069006
39190528,1615951069452
39321600,1615951074364
39452672,1615951074786
39583744,1615951079184
39714816,1615951079606
39845888,1615951091858
39976960,1615951092369
40108032,1615951097436
40239104,1615951097851
40370176,1615951102107
40501248,1615951102552
40632320,1615951106795
40763392,1615951107228
40894464,1615951120149
41025536,1615951120694
41156608,1615951125007
41287680,1615951125410
41418752,1615951129764
41549824,1615951130195
41680896,1615951134434
41811968,1615951134858
41943040,1615951148167
42074112,1615951148677
42205184,1615951152981
42336256,1615951153385
42467328,1615951157585
42598400,1615951157987
42729472,1615951162212
42860544,1615951162645
42991616,1615951176309
43122688,1615951176860
43253760,1615951181056
43384832,1615951181469
43515904,1615951185666
43646976,1615951186092
43778048,1615951191039
43909120,1615951191474
44040192,1615951204205
44171264,1615951204763
44302336,1615951209081
44433408,1615951209481
44564480,1615951214423
44695552,1615951214818
44826624,1615951218998
44957696,1615951219425
45088768,1615951232142
45219840,1615951232695
45350912,1615951237691
45481984,1615951238146
45613056,1615951242445
45744128,1615951242862
45875200,1615951247003
46006272,1615951247437
46137344,1615951260193
46268416,1615951260657
46399488,1615951265577
46530560,1615951265939
46661632,1615951270143
46792704,1615951270576
46923776,1615951274904
47054848,1615951275278
47185920,1615951288953
47316992,1615951289518
47448064,1615951293702
47579136,1615951294094
47710208,1615951298251
47841280,1615951298641
47972352,1615951302903
48103424,1615951303319
48234496,1615951317654
48365568,1615951318135
48496640,1615951322363
48627712,1615951322798
48758784,1615951327032
48889856,1615951327450
49020928,1615951332497
49152000,1615951332935
49283072,1615951346154
49414144,1615951346694
49545216,1615951350877
49676288,1615951351288
49807360,1615951356176
49938432,1615951356606
50069504,1615951360756
50200576,1615951361172
50331648,1615951374638
50462720,1615951375147
50593792,1615951380072
50724864,1615951380497
50855936,1615951384605
50987008,1615951384992
51118080,1615951389139
51249152,1615951389555
51380224,1615951402949
51511296,1615951403472
51642368,1615951407634
51773440,1615951408703
51904512,1615951412799
52035584,1615951413189
52166656,1615951417232
52297728,1615951417618
52428800,1615951432241
52559872,1615951432779
52690944,1615951437013
52822016,1615951437453
52953088,1615951441713
53084160,1615951442131
53215232,1615951446622
53346304,1615951447022
53477376,1615951461784
53608448,1615951462338
53739520,1615951466690
53870592,1615951467068
54001664,1615951471441
54132736,1615951471859
54263808,1615951476751
54394880,1615951477174
54525952,1615951491016
54657024,1615951491561
54788096,1615951496484
54919168,1615951496914
55050240,1615951500992
55181312,1615951501418
55312384,1615951505482
55443456,1615951505910
55574528,1615951519761
55705600,1615951520293
55836672,1615951525321
55967744,1615951525741
56098816,1615951529848
56229888,1615951530279
56360960,1615951534477
56492032,1615951534880
56623104,1615951549570
56754176,1615951550109
56885248,1615951554193
57016320,1615951554629
57147392,1615951558681
57278464,1615951559026
57409536,1615951563114
57540608,1615951563493
57671680,1615951578420
57802752,1615951578923
57933824,1615951582985
58064896,1615951583389
58195968,1615951587408
58327040,1615951587811
58458112,1615951591897
58589184,1615951592276
58720256,1615951607328
58851328,1615951607907
58982400,1615951611947
59113472,1615951612394
59244544,1615951616338
59375616,1615951616769
59506688,1615951620799
59637760,1615951621211
59768832,1615951636406
59899904,1615951636930
60030976,1615951641096
60162048,1615951641524
60293120,1615951646251
60424192,1615951646610
60555264,1615951650720
60686336,1615951651136
60817408,1615951665720
60948480,1615951666274
61079552,1615951670281
61210624,1615951670648
61341696,1615951675304
61472768,1615951675694
61603840,1615951679894
61734912,1615951680311
61865984,1615951695148
61997056,1615951695688
62128128,1615951700559
62259200,1615951700921
62390272,1615951704956
62521344,1615951705321
62652416,1615951709354
62783488,1615951709758
62914560,1615951725786
63045632,1615951726361
63176704,1615951730464
63307776,1615951730892
63438848,1615951734912
63569920,1615951735347
63700992,1615951739457
63832064,1615951739881
63963136,1615951755850
64094208,1615951756391
64225280,1615951760497
64356352,1615951760915
64487424,1615951764890
64618496,1615951765237
64749568,1615951770113
64880640,1615951770544
65011712,1615951785876
65142784,1615951786426
65273856,1615951790526
65404928,1615951790966
65536000,1615951795717
65667072,1615951796177
65798144,1615951800182
65929216,1615951800559
66060288,1615951815839
66191360,1615951816394
66322432,1615951820395
66453504,1615951820821
66584576,1615951825487
66715648,1615951825911
66846720,1615951829948
66977792,1615951830363
